13
28
-338 303
-338 276
-338 276
-338 276
-338 276
-338 269
-334 258
-334 258
-333 248
-333 248
-333 228
-333 228
-331 196
-331 196
-329 168
-329 168
-329 153
-329 153
-329 146
-329 146
-329 140
-329 140
-329 137
-329 137
-333 141
-333 141
-333 143
-333 144
19
-279 306
-279 306
-276 294
-276 294
-272 275
-272 275
-271 248
-271 248
-271 224
-271 224
-269 196
-269 196
-269 196
-266 177
-266 177
-266 170
-266 170
-266 166
-266 166
19
-336 212
-331 208
-331 208
-325 207
-325 207
-315 206
-315 206
-301 206
-301 206
-291 207
-291 207
-267 212
-267 212
-243 217
-243 217
-229 221
-229 221
-229 221
-229 223
73
-196 244
-192 239
-192 239
-186 230
-186 230
-186 230
-186 230
-185 227
-182 222
-182 222
-179 213
-179 213
-177 199
-177 199
-173 186
-173 186
-170 179
-170 179
-167 174
-167 174
-161 167
-161 167
-161 167
-158 162
-158 162
-156 162
-155 162
-153 162
-150 164
-150 164
-147 168
-147 168
-144 177
-144 177
-131 195
-131 195
-131 195
-124 211
-124 211
-123 227
-123 227
-121 241
-121 241
-121 253
-121 253
-121 257
-121 257
-123 262
-123 262
-124 265
-123 260
-123 260
-121 239
-121 239
-121 239
-120 223
-120 223
-115 208
-115 208
-111 193
-111 193
-108 181
-108 181
-108 177
-108 177
-108 175
-110 181
-110 181
-110 181
-115 192
-115 192
-120 200
-120 200
18
-181 316
-179 311
-179 311
-178 307
-178 307
-176 297
-176 297
-171 288
-171 288
-171 285
-171 285
-169 282
-169 282
-166 279
-166 279
-166 281
-166 281
-166 288
10
-154 316
-148 299
-148 299
-148 299
-145 290
-145 290
-145 285
-145 285
-145 283
-145 285
56
-63 236
-63 239
-63 239
-66 244
-66 244
-73 248
-73 248
-74 250
-76 250
-77 248
-79 245
-82 239
-82 239
-82 239
-85 235
-85 235
-86 232
-86 232
-88 227
-88 227
-88 220
-88 220
-86 212
-86 212
-82 208
-82 208
-78 203
-78 203
-73 202
-73 202
-72 200
-72 200
-69 197
-69 197
-64 191
-64 191
-58 188
-58 188
-57 186
-55 185
-55 182
-55 182
-57 177
-57 177
-72 169
-72 169
-72 169
-77 164
-81 164
-81 164
-83 164
-84 166
-84 169
-84 169
-84 170
-81 173
91
-25 191
-25 191
-25 191
-20 189
-20 189
-16 189
-16 189
-13 189
-13 189
-8 191
-8 191
-3 193
-3 193
1 196
1 196
4 197
4 197
13 204
13 204
21 210
21 210
30 214
30 214
34 216
34 216
34 217
34 219
34 220
34 222
31 224
31 224
27 228
27 228
20 233
20 233
18 234
18 234
15 234
15 234
15 236
14 236
11 236
11 236
10 236
6 233
6 233
1 230
1 230
-3 227
-3 227
-8 224
-8 224
-9 219
-9 219
-12 213
-12 213
-15 201
-15 201
-18 191
-18 191
-19 179
-19 179
-19 179
-18 175
-18 175
-15 168
-15 168
-14 165
-12 162
-12 162
-11 160
-11 160
-5 159
-5 159
0 159
0 159
4 160
4 160
9 160
9 160
15 161
15 161
24 163
24 163
25 163
25 164
28 166
28 166
45 179
45 179
52 186
63
62 219
62 219
63 211
63 211
63 206
63 206
65 202
65 202
66 197
66 197
66 197
66 196
69 194
72 193
72 193
77 193
77 193
77 193
78 193
83 194
83 194
88 200
88 200
91 205
91 205
95 213
95 213
99 227
99 227
100 239
100 239
100 254
100 254
99 261
99 261
99 259
97 249
97 249
90 224
90 224
78 179
78 179
68 135
68 135
64 91
64 91
64 56
64 56
66 42
66 42
66 39
66 39
66 40
66 44
66 44
64 48
64 48
64 54
64 54
64 57
64 57
66 65
66 65
23
110 187
110 187
113 182
113 182
114 173
114 173
114 173
116 173
116 167
116 167
120 157
120 157
121 149
121 149
123 146
123 144
123 146
123 152
123 152
123 159
123 159
123 169
123 169
7
115 246
118 255
118 255
121 263
121 263
121 266
121 266
61
191 125
191 125
191 125
198 104
198 104
198 103
198 105
198 115
198 115
198 127
198 127
198 142
198 142
202 154
202 154
202 159
202 159
203 162
203 162
203 165
203 165
205 168
205 168
206 172
206 172
208 177
208 177
209 179
209 179
211 179
212 177
214 173
214 173
216 167
216 167
219 164
219 164
220 156
220 156
222 145
222 145
227 123
227 123
227 123
229 107
229 107
232 98
232 98
232 92
232 92
232 93
232 94
230 96
230 96
224 113
224 113
224 113
209 132
209 132
201 143
201 143
200
-330 -133
-322 -124
-322 -124
-304 -105
-304 -105
-294 -90
-294 -90
-276 -62
-276 -62
-257 -21
-257 -21
-257 -21
-251 2
-251 2
-249 6
-249 4
-251 -8
-251 -8
-257 -32
-257 -32
-270 -93
-270 -93
-270 -93
-278 -136
-278 -136
-286 -182
-286 -182
-296 -224
-296 -224
-302 -258
-302 -258
-302 -265
-302 -265
-302 -267
-302 -259
-302 -259
-295 -232
-295 -232
-295 -232
-286 -210
-286 -210
-277 -194
-277 -194
-269 -182
-269 -182
-262 -174
-262 -174
-259 -168
-259 -168
-255 -165
-255 -165
-252 -165
-252 -165
-250 -165
-247 -168
-247 -168
-236 -190
-236 -190
-236 -190
-231 -207
-231 -207
-226 -215
-226 -215
-224 -224
-224 -224
-224 -227
-223 -228
-223 -228
-220 -224
-220 -224
-214 -218
-214 -218
-208 -207
-208 -207
-190 -182
-190 -182
-190 -182
-181 -165
-181 -165
-176 -159
-176 -159
-174 -155
-174 -155
-172 -164
-172 -164
-171 -171
-170 -203
-170 -203
-170 -203
-168 -216
-168 -216
-168 -219
-168 -219
-166 -222
-166 -222
-165 -225
-165 -225
-162 -215
-162 -215
-159 -203
-159 -203
-154 -177
-154 -177
-147 -152
-147 -152
-142 -134
-142 -134
-138 -113
-138 -113
-138 -113
-138 -106
-138 -106
-138 -106
-138 -106
-138 -105
-137 -104
-137 -104
-134 -100
-134 -100
-130 -92
-130 -92
-130 -89
-130 -89
-130 -87
-131 -84
-131 -84
-137 -83
-137 -83
-142 -83
-142 -83
-156 -98
-156 -98
-156 -98
-156 -98
-158 -107
-156 -120
-156 -120
-153 -140
-153 -140
-146 -155
-146 -155
-139 -161
-139 -161
-136 -164
-136 -164
-134 -164
-131 -170
-131 -170
-122 -186
-122 -186
-122 -186
-116 -196
-116 -196
-116 -203
-116 -203
-114 -204
-114 -198
-111 -184
-111 -184
-103 -149
-103 -149
-103 -149
-103 -149
-101 -146
-97 -138
-97 -138
-97 -135
-96 -135
-96 -149
-96 -149
-96 -149
-96 -153
-96 -159
-96 -159
-94 -162
-94 -162
-90 -165
-90 -165
-85 -165
-85 -165
-82 -165
-82 -165
-79 -165
-79 -165
-69 -177
-69 -177
-65 -186
-65 -186
-65 -183
-65 -169
-65 -169
-65 -169
-66 -163
-66 -163
-66 -154
-66 -154
-69 -151
-69 -151
-73 -150
-73 -150
